[0G[38;2;109;147;96m[48;2;218;221;212m┃[38;2;145;230;100m[48;2;148;228;107m▆[38;2;142;233;94m[48;2;148;228;103m▆[38;2;153;208;127m[48;2;142;230;94m▐[38;2;229;229;229m[48;2;173;213;153m▟[38;2;225;225;225m[48;2;228;228;228m─[38;2;200;200;200m[48;2;233;233;233m─[38;2;124;124;124m[48;2;233;233;233m─[38;2;154;154;154m[48;2;229;229;229m─[38;2;100;100;100m[48;2;231;231;231m▆[38;2;166;166;166m[48;2;231;231;231m─[38;2;99;99;99m[48;2;228;228;228m━[38;2;229;229;229m[48;2;226;226;226m▜[38;2;154;154;154m[48;2;228;228;228m━[38;2;173;173;173m[48;2;224;224;224m━[38;2;206;206;206m[48;2;229;229;229m━[38;2;231;231;231m[48;2;152;152;152m▛[38;2;158;158;158m[48;2;233;233;233m─[38;2;218;218;218m[48;2;231;231;231m━[38;2;154;154;154m[48;2;231;231;231m▅[38;2;231;231;231m[48;2;192;192;192m▜[38;2;231;231;229m[48;2;226;226;226m▆[38;2;144;224;101m[48;2;215;222;214m┃[38;2;147;229;101m[48;2;143;234;97m▔[38;2;145;230;101m[48;2;145;233;97m▔[38;2;144;231;100m[48;2;149;229;106m▆[38;2;132;174;108m[48;2;200;198;201m┃[38;2;233;233;233m[48;2;154;154;154m▐[38;2;234;234;234m[48;2;234;234;234m█[38;2;234;234;234m[48;2;234;234;234m█[38;2;234;234;234m[48;2;234;234;234m▉[38;2;234;234;234m[48;2;221;221;221m▜[38;2;164;164;164m[48;2;234;234;234m━[38;2;169;169;169m[48;2;232;232;232m━[38;2;194;194;194m[48;2;234;234;234m─[38;2;178;178;178m[48;2;234;234;234m─[38;2;234;234;234m[48;2;179;179;179m▜[38;2;234;234;234m[48;2;209;209;209m▜[38;2;189;189;189m[48;2;234;234;234m─[38;2;220;220;220m[48;2;234;234;234m─[38;2;147;147;147m[48;2;233;233;233m▅[38;2;219;219;219m[48;2;234;234;234m─[38;2;155;155;155m[48;2;234;234;234m━[38;2;229;229;229m[48;2;234;234;234m─[38;2;122;122;122m[48;2;234;234;234m─[38;2;159;159;159m[48;2;234;234;234m┃[38;2;121;121;121m[48;2;232;232;232m▅[38;2;234;234;234m[48;2;223;223;223m▜[38;2;234;234;234m[48;2;234;234;234m▂[38;2;234;234;234m[48;2;234;234;234m█[38;2;234;234;234m[48;2;234;234;234m█[38;2;234;234;234m[48;2;234;234;234m█[38;2;233;233;233m[48;2;228;228;228m▊[38;2;90;108;84m[48;2;207;215;202m│[38;2;233;231;232m[48;2;226;226;216m▟[38;2;229;229;227m[48;2;221;221;221m█[38;2;187;187;187m[48;2;230;230;230m─[38;2;220;220;220m[48;2;229;229;229m▅[38;2;115;115;115m[48;2;230;230;230m─[38;2;233;233;233m[48;2;215;215;215m▊[38;2;167;167;167m[48;2;232;232;232m─[38;2;180;180;180m[48;2;229;229;229m━[38;2;233;233;233m[48;2;228;228;228m▉[38;2;184;184;184m[48;2;232;232;232m─[38;2;158;158;158m[48;2;230;230;230m─[38;2;157;157;157m[48;2;235;235;235m━[38;2;233;233;233m[48;2;154;154;154m▛[38;2;139;139;139m[48;2;226;226;226m─[38;2;145;145;145m[48;2;229;229;229m▆[38;2;158;158;158m[48;2;231;231;231m━[38;2;189;189;189m[48;2;230;230;230m━[38;2;123;123;123m[48;2;234;234;234m─[38;2;104;104;104m[48;2;233;233;233m▅[38;2;108;108;108m[48;2;232;232;232m▆[38;2;197;197;197m[48;2;232;232;232m━[38;2;234;234;234m[48;2;228;228;228m▜[38;2;235;235;235m[48;2;218;223;217m▊[38;2;163;208;143m[48;2;141;234;94m█[38;2;145;233;97m[48;2;145;230;103m▆[0m
[0G[38;2;107;147;94m[48;2;226;227;219m┃[38;2;147;228;107m[48;2;145;233;97m▊[38;2;143;234;97m[48;2;141;234;94m▘[38;2;145;233;97m[48;2;141;234;94m█[38;2;161;215;131m[48;2;119;170;93m▊[38;2;232;232;232m[48;2;226;226;224m█[38;2;229;229;229m[48;2;234;234;234m▂[38;2;233;233;233m[48;2;230;230;230m▙[38;2;138;138;138m[48;2;232;232;232m─[38;2;203;203;203m[48;2;227;227;227m━[38;2;230;230;228m[48;2;165;165;165m▃[38;2;230;230;230m[48;2;157;157;157m▅[38;2;230;230;230m[48;2;79;79;79m▅[38;2;231;231;231m[48;2;149;149;149m▃[38;2;186;186;186m[48;2;230;230;230m━[38;2;230;230;230m[48;2;199;199;199m▃[38;2;229;229;229m[48;2;121;119;120m▃[38;2;226;226;226m[48;2;211;211;211m▟[38;2;234;234;234m[48;2;230;230;230m▆[38;2;227;227;227m[48;2;223;223;223m▛[38;2;193;208;187m[48;2;233;233;233m▃[38;2;150;214;118m[48;2;226;226;224m▃[38;2;141;231;97m[48;2;214;225;208m─[38;2;146;231;101m[48;2;143;231;95m█[38;2;142;233;94m[48;2;141;234;94m█[38;2;147;230;98m[48;2;141;234;94m▐[38;2;125;181;108m[48;2;205;208;197m┃[38;2;233;233;233m[48;2;157;157;157m▐[38;2;234;234;234m[48;2;234;234;234m█[38;2;226;226;226m[48;2;234;234;234m▂[38;2;187;187;187m[48;2;221;221;221m━[38;2;216;216;216m[48;2;124;124;124m▃[38;2;203;203;203m[48;2;226;226;226m─[38;2;217;217;217m[48;2;141;141;141m▃[38;2;223;223;223m[48;2;120;120;120m▟[38;2;228;228;228m[48;2;154;154;154m▙[38;2;205;205;205m[48;2;177;177;177m▃[38;2;224;224;224m[48;2;144;144;144m▐[38;2;226;226;226m[48;2;156;156;156m▉[38;2;139;139;139m[48;2;218;218;218m▁[38;2;222;222;222m[48;2;232;232;232m▂[38;2;225;225;225m[48;2;72;72;72m▗[38;2;149;149;149m[48;2;225;225;225m━[38;2;226;226;226m[48;2;154;154;154m▟[38;2;176;176;176m[48;2;150;150;150m▔[38;2;141;141;141m[48;2;218;218;218m─[38;2;195;195;195m[48;2;145;145;145m▔[38;2;148;148;148m[48;2;217;217;217m▂[38;2;170;170;170m[48;2;223;223;223m▂[38;2;231;231;231m[48;2;234;234;234m▂[38;2;230;230;230m[48;2;234;234;234m▁[38;2;234;234;234m[48;2;234;234;234m█[38;2;234;234;234m[48;2;232;232;232m▊[38;2;173;181;166m[48;2;134;183;117m▆[38;2;144;231;100m[48;2;202;213;196m▅[38;2;149;214;120m[48;2;228;229;223m▄[38;2;227;227;225m[48;2;196;219;190m▜[38;2;227;227;225m[48;2;234;234;234m▁[38;2;229;228;226m[48;2;234;234;234m▁[38;2;234;234;234m[48;2;231;231;231m▆[38;2;233;233;233m[48;2;229;229;229m▊[38;2;229;229;229m[48;2;217;217;217m▟[38;2;228;228;228m[48;2;218;218;218m▙[38;2;184;184;184m[48;2;230;230;230m━[38;2;228;228;226m[48;2;119;119;119m▃[38;2;207;207;207m[48;2;231;231;231m─[38;2;163;163;163m[48;2;231;231;231m━[38;2;230;230;230m[48;2;189;189;189m▟[38;2;234;234;234m[48;2;232;232;232m▆[38;2;225;228;219m[48;2;234;234;234m▁[38;2;231;231;231m[48;2;234;234;234m▁[38;2;223;223;223m[48;2;234;234;234m▁[38;2;221;221;221m[48;2;234;234;236m▂[38;2;228;228;228m[48;2;234;234;234m▁[38;2;231;231;231m[48;2;158;225;132m▛[38;2;143;233;101m[48;2;220;220;220m▅[38;2;211;216;209m[48;2;142;233;94m▙[38;2;145;233;97m[48;2;142;233;94m▘[38;2;146;234;96m[48;2;144;231;98m▅[0m
[0G[38;2;109;150;94m[48;2;224;231;223m┃[38;2;148;231;101m[48;2;141;234;94m▍[38;2;145;233;95m[48;2;141;234;94m█[38;2;141;234;94m[48;2;141;234;94m█[38;2;143;234;97m[48;2;143;231;95m█[38;2;144;231;101m[48;2;134;181;111m▅[38;2;147;229;101m[48;2;221;232;218m▆[38;2;151;227;118m[48;2;226;229;220m▃[38;2;154;218;132m[48;2;230;230;228m▃[38;2;140;181;123m[48;2;226;228;225m▅[38;2;223;221;222m[48;2;229;229;227m▂[38;2;192;208;182m[48;2;230;230;228m▂[38;2;121;175;99m[48;2;225;225;225m▄[38;2;225;228;221m[48;2;233;233;233m▁[38;2;225;227;222m[48;2;234;234;234m▃[38;2;219;219;217m[48;2;234;234;234m▂[38;2;226;226;224m[48;2;234;234;234m▂[38;2;145;199;124m[48;2;230;230;228m▃[38;2;138;229;90m[48;2;202;200;203m▆[38;2;208;211;204m[48;2;142;233;94m▅[38;2;145;233;97m[48;2;141;234;94m▘[38;2;142;235;95m[48;2;141;234;94m▔[38;2;142;233;93m[48;2;141;234;94m─[38;2;142;233;96m[48;2;141;234;94m█[38;2;143;234;95m[48;2;142;233;94m█[38;2;144;231;100m[48;2;142;233;94m▐[38;2;123;177;102m[48;2;185;185;183m┃[38;2;231;231;231m[48;2;161;159;160m▐[38;2;233;233;233m[48;2;232;232;232m▙[38;2;232;232;232m[48;2;212;212;212m▆[38;2;231;231;231m[48;2;221;221;221m▅[38;2;232;232;232m[48;2;201;201;201m▅[38;2;235;235;235m[48;2;95;95;95m▅[38;2;231;231;231m[48;2;208;208;208m▅[38;2;228;228;226m[48;2;173;173;173m▅[38;2;113;85;74m[48;2;125;125;125m▄[38;2;106;61;56m[48;2;222;224;223m▃[38;2;226;224;229m[48;2;86;86;86m━[38;2;227;227;227m[48;2;199;199;199m▅[38;2;226;226;226m[48;2;164;164;164m▆[38;2;230;230;228m[48;2;211;211;211m▅[38;2;234;234;234m[48;2;159;159;159m▟[38;2;233;233;233m[48;2;227;227;227m▅[38;2;234;234;234m[48;2;219;219;219m▅[38;2;234;234;234m[48;2;227;227;227m▅[38;2;234;234;234m[48;2;146;146;146m▟[38;2;234;234;234m[48;2;201;201;201m▆[38;2;233;233;233m[48;2;211;211;211m▅[38;2;233;233;233m[48;2;135;135;135m▅[38;2;234;234;234m[48;2;185;185;185m▅[38;2;230;234;233m[48;2;214;214;214m▆[38;2;230;230;230m[48;2;234;234;234m▁[38;2;234;234;234m[48;2;230;230;228m▌[38;2;154;218;122m[48;2;131;181;108m█[38;2;145;232;99m[48;2;144;231;98m▆[38;2;144;231;100m[48;2;142;233;94m▌[38;2;145;233;97m[48;2;144;231;98m▗[38;2;153;226;119m[48;2;143;234;95m▇[38;2;153;225;117m[48;2;142;230;92m▇[38;2;144;230;107m[48;2;224;229;222m▄[38;2;148;224;115m[48;2;232;232;232m▅[38;2;217;217;215m[48;2;225;225;223m▂[38;2;221;229;218m[48;2;230;230;228m▂[38;2;114;148;98m[48;2;230;230;228m▃[38;2;226;227;222m[48;2;232;232;232m▂[38;2;199;201;198m[48;2;232;232;232m▂[38;2;226;226;224m[48;2;232;232;232m━[38;2;157;215;128m[48;2;232;232;232m▃[38;2;144;229;99m[48;2;229;230;225m▃[38;2;160;213;133m[48;2;144;232;96m▟[38;2;140;231;94m[48;2;220;227;211m▆[38;2;155;224;117m[48;2;142;233;94m▆[38;2;156;224;125m[48;2;146;228;100m█[38;2;147;213;116m[48;2;142;233;94m▇[38;2;140;234;94m[48;2;145;233;97m▂[38;2;142;233;96m[48;2;145;233;97m▂[38;2;145;233;97m[48;2;142;233;96m▇[38;2;145;233;97m[48;2;142;233;94m▟[38;2;143;233;101m[48;2;141;234;94m▕[0m
[0G[38;2;110;149;92m[48;2;229;230;224m┃[38;2;145;230;100m[48;2;142;233;96m▎[38;2;142;233;96m[48;2;141;234;94m█[38;2;141;234;94m[48;2;141;234;94m█[38;2;141;234;94m[48;2;141;234;94m█[38;2;141;234;94m[48;2;141;234;94m█[38;2;143;234;97m[48;2;143;231;95m▐[38;2;141;234;94m[48;2;143;234;97m▅[38;2;142;233;94m[48;2;143;234;97m▅[38;2;141;234;94m[48;2;142;233;96m▅[38;2;143;234;97m[48;2;144;230;103m▆[38;2;147;230;100m[48;2;143;234;95m▃[38;2;148;228;105m[48;2;144;231;100m▜[38;2;142;230;92m[48;2;147;230;98m▁[38;2;150;228;109m[48;2;93;133;71m▐[38;2;226;222;223m[48;2;136;223;92m▘[38;2;140;231;94m[48;2;153;221;120m▆[38;2;143;234;97m[48;2;142;233;96m▋[38;2;141;234;94m[48;2;145;233;97m▄[38;2;142;233;96m[48;2;141;234;94m█[38;2;141;234;94m[48;2;141;234;94m█[38;2;141;234;94m[48;2;141;234;94m█[38;2;141;234;94m[48;2;141;234;94m█[38;2;141;234;94m[48;2;141;234;94m█[38;2;141;234;94m[48;2;141;234;94m█[38;2;147;230;100m[48;2;141;234;94m▐[38;2;136;187;110m[48;2;188;187;183m┃[38;2;220;226;212m[48;2;173;172;167m▐[38;2;157;228;132m[48;2;153;216;135m▆[38;2;160;217;140m[48;2;149;227;117m▅[38;2;151;223;123m[48;2;203;221;195m▃[38;2;216;229;211m[48;2;101;160;80m█[38;2;63;76;58m[48;2;213;231;209m▆[38;2;148;78;45m[48;2;149;75;30m▔[38;2;158;72;25m[48;2;151;75;23m▅[38;2;145;71;22m[48;2;141;74;45m▃[38;2;136;78;56m[48;2;156;69;24m▁[38;2;218;221;212m[48;2;74;73;69m▐[38;2;226;226;226m[48;2;222;222;220m▙[38;2;227;227;225m[48;2;104;104;104m▌[38;2;211;208;189m[48;2;229;222;196m▂[38;2;118;126;87m[48;2;172;188;149m─[38;2;162;221;141m[48;2;153;228;127m█[38;2;154;229;128m[48;2;154;216;133m█[38;2;221;220;218m[48;2;148;161;144m▞[38;2;208;223;202m[48;2;227;227;227m▂[38;2;161;226;136m[48;2;153;225;125m▅[38;2;163;225;140m[48;2;150;229;122m▅[38;2;163;220;141m[48;2;155;227;127m▅[38;2;163;220;143m[48;2;151;233;125m▅[38;2;171;217;155m[48;2;153;232;125m▆[38;2;172;216;157m[48;2;159;226;131m▇[38;2;233;233;233m[48;2;229;230;225m▐[38;2;162;227;135m[48;2;133;187;111m█[38;2;147;230;100m[48;2;144;231;100m▉[38;2;144;232;96m[48;2;141;234;94m█[38;2;141;234;94m[48;2;141;234;94m█[38;2;141;234;94m[48;2;141;234;94m█[38;2;141;234;94m[48;2;141;234;94m█[38;2;141;234;94m[48;2;141;234;94m█[38;2;141;234;94m[48;2;145;233;97m▁[38;2;144;232;96m[48;2;145;233;97m▁[38;2;141;234;94m[48;2;145;230;100m▆[38;2;142;233;94m[48;2;144;231;101m▆[38;2;141;229;93m[48;2;144;231;100m│[38;2;150;219;113m[48;2;143;230;97m▇[38;2;144;231;101m[48;2;127;163;127m█[38;2;154;215;120m[48;2;104;143;96m▞[38;2;201;224;195m[48;2;116;147;115m▖[38;2;145;231;98m[48;2;142;229;96m▞[38;2;145;233;97m[48;2;141;234;94m▘[38;2;141;234;94m[48;2;141;234;94m█[38;2;141;234;94m[48;2;141;234;94m█[38;2;141;234;94m[48;2;141;234;94m█[38;2;141;234;94m[48;2;141;234;94m█[38;2;141;234;94m[48;2;141;234;94m█[38;2;141;234;94m[48;2;141;234;94m█[38;2;145;233;97m[48;2;144;232;96m▊[38;2;141;234;94m[48;2;145;231;98m│[0m
[0G[38;2;111;149;100m[48;2;231;233;228m┃[38;2;147;229;105m[48;2;142;232;98m▋[38;2;141;234;94m[48;2;141;234;94m█[38;2;141;234;94m[48;2;141;234;94m█[38;2;141;234;94m[48;2;141;234;94m█[38;2;141;234;94m[48;2;141;234;94m█[38;2;141;234;94m[48;2;141;234;94m█[38;2;141;234;94m[48;2;141;234;94m█[38;2;141;234;94m[48;2;141;234;94m█[38;2;141;234;94m[48;2;141;234;94m█[38;2;142;234;97m[48;2;141;234;94m█[38;2;142;233;96m[48;2;140;231;94m▐[38;2;145;233;97m[48;2;144;233;91m▞[38;2;196;220;184m[48;2;124;182;98m▝[38;2;137;224;93m[48;2;208;221;201m│[38;2;144;232;96m[48;2;145;233;97m▃[38;2;143;234;97m[48;2;144;232;96m▇[38;2;144;232;96m[48;2;142;233;94m▎[38;2;141;234;94m[48;2;141;234;94m█[38;2;141;234;94m[48;2;141;234;94m█[38;2;141;234;94m[48;2;141;234;94m█[38;2;141;234;94m[48;2;141;234;94m█[38;2;141;234;94m[48;2;141;234;94m█[38;2;141;234;94m[48;2;141;234;94m█[38;2;141;234;94m[48;2;141;234;94m█[38;2;143;234;97m[48;2;143;234;95m▐[38;2;135;187;113m[48;2;170;168;171m┃[38;2;223;221;222m[48;2;175;175;173m▐[38;2;161;223;140m[48;2;155;226;130m▎[38;2;152;231;122m[48;2;154;231;127m┃[38;2;155;230;129m[48;2;153;230;126m▆[38;2;165;215;142m[48;2;154;185;126m▙[38;2;90;59;39m[48;2;141;87;49m▄[38;2;96;53;37m[48;2;153;73;38m▄[38;2;133;105;81m[48;2;117;76;56m▕[38;2;224;214;187m[48;2;135;78;61m▅[38;2;232;232;232m[48;2;216;208;195m█[38;2;233;233;233m[48;2;221;221;221m▆[38;2;196;196;194m[48;2;113;111;112m▆[38;2;221;213;200m[48;2;81;81;73m▛[38;2;172;157;134m[48;2;223;214;185m─[38;2;225;214;186m[48;2;211;211;177m█[38;2;157;223;133m[48;2;106;131;89m▐[38;2;159;217;132m[48;2;159;223;136m─[38;2;165;219;144m[48;2;150;227;123m▆[38;2;155;230;129m[48;2;152;231;124m█[38;2;154;231;129m[48;2;154;231;125m▆[38;2;153;232;125m[48;2;153;232;125m█[38;2;153;232;125m[48;2;153;232;125m█[38;2;153;232;125m[48;2;153;232;125m█[38;2;153;232;125m[48;2;153;232;125m█[38;2;173;219;154m[48;2;153;232;127m▐[38;2;234;230;229m[48;2;226;229;222m▐[38;2;156;220;123m[48;2;131;183;100m▐[38;2;145;233;97m[48;2;144;232;96m▊[38;2;143;234;95m[48;2;142;233;94m▌[38;2;141;234;94m[48;2;141;234;94m█[38;2;141;234;94m[48;2;141;234;94m█[38;2;141;234;94m[48;2;141;234;94m█[38;2;141;234;94m[48;2;141;234;94m█[38;2;141;234;94m[48;2;141;234;94m█[38;2;141;234;94m[48;2;141;234;94m█[38;2;141;234;94m[48;2;141;234;94m█[38;2;141;234;94m[48;2;141;234;94m█[38;2;141;234;94m[48;2;141;234;94m█[38;2;142;233;96m[48;2;141;234;94m█[38;2;146;226;103m[48;2;140;233;93m█[38;2;129;165;119m[48;2;162;226;129m─[38;2;148;227;108m[48;2;145;225;102m▇[38;2;144;231;100m[48;2;148;230;104m▂[38;2;145;233;95m[48;2;141;234;94m█[38;2;141;234;94m[48;2;141;234;94m█[38;2;141;234;94m[48;2;141;234;94m█[38;2;141;234;94m[48;2;141;234;94m█[38;2;141;234;94m[48;2;141;234;94m█[38;2;141;234;94m[48;2;141;234;94m█[38;2;141;234;94m[48;2;141;234;94m█[38;2;141;234;94m[48;2;141;234;94m█[38;2;145;231;94m[48;2;141;234;94m▐[0m
[0G[38;2;110;148;97m[48;2;227;229;228m┃[38;2;147;229;101m[48;2;145;231;98m▉[38;2;141;234;94m[48;2;141;234;94m▁[38;2;141;234;94m[48;2;141;234;94m█[38;2;141;234;94m[48;2;141;234;94m█[38;2;142;233;94m[48;2;141;234;94m█[38;2;142;233;94m[48;2;141;234;94m█[38;2;141;234;94m[48;2;141;234;94m▁[38;2;142;233;94m[48;2;141;234;94m█[38;2;141;234;94m[48;2;141;234;94m█[38;2;141;234;94m[48;2;141;234;94m█[38;2;142;233;94m[48;2;141;234;94m█[38;2;143;234;97m[48;2;142;233;94m▊[38;2;108;138;84m[48;2;151;225;110m│[38;2;146;227;107m[48;2;93;132;69m▟[38;2;145;233;97m[48;2;144;232;96m▛[38;2;146;234;98m[48;2;145;233;97m▚[38;2;142;233;94m[48;2;149;228;111m▀[38;2;142;235;95m[48;2;141;234;94m▖[38;2;141;234;94m[48;2;141;234;94m█[38;2;141;234;94m[48;2;141;234;94m▁[38;2;141;234;94m[48;2;141;234;94m█[38;2;141;234;94m[48;2;141;234;94m█[38;2;141;234;94m[48;2;141;234;94m█[38;2;143;234;97m[48;2;141;234;94m▂[38;2;145;230;100m[48;2;142;233;94m▐[38;2;135;186;109m[48;2;154;222;121m┃[38;2;219;224;217m[48;2;157;156;151m▐[38;2;167;221;145m[48;2;153;228;123m▋[38;2;156;228;128m[48;2;154;227;122m█[38;2;155;230;127m[48;2;154;226;124m█[38;2;157;226;133m[48;2;152;226;129m▙[38;2;104;78;55m[48;2;42;35;19m▖[38;2;225;214;182m[48;2;174;162;140m▆[38;2;220;209;177m[48;2;202;193;162m▆[38;2;224;214;189m[48;2;218;209;178m▊[38;2;232;232;232m[48;2;229;230;225m▜[38;2;234;234;234m[48;2;226;226;226m▉[38;2;231;231;231m[48;2;208;208;208m▜[38;2;128;127;123m[48;2;224;224;226m┃[38;2;223;223;223m[48;2;217;211;185m▙[38;2;198;188;161m[48;2;209;208;204m─[38;2;102;120;82m[48;2;162;220;146m▃[38;2;139;203;106m[48;2;157;229;129m┃[38;2;157;229;130m[48;2;154;225;129m▜[38;2;152;229;117m[48;2;153;225;125m┃[38;2;154;233;126m[48;2;153;232;125m▜[38;2;153;232;125m[48;2;153;232;127m▂[38;2;154;231;127m[48;2;153;232;125m█[38;2;153;232;125m[48;2;153;232;125m█[38;2;153;232;125m[48;2;152;231;124m▉[38;2;173;214;154m[48;2;155;230;129m▐[38;2;225;226;220m[48;2;174;175;170m▛[38;2;156;222;125m[48;2;130;178;102m▐[38;2;145;232;99m[48;2;142;233;94m▌[38;2;142;233;96m[48;2;141;234;94m▌[38;2;142;233;94m[48;2;141;234;94m█[38;2;141;234;94m[48;2;141;234;94m█[38;2;141;234;94m[48;2;141;234;94m█[38;2;141;234;94m[48;2;141;234;94m█[38;2;141;234;94m[48;2;141;234;94m█[38;2;141;234;94m[48;2;141;234;94m█[38;2;141;234;94m[48;2;141;234;94m█[38;2;141;234;94m[48;2;141;234;94m█[38;2;141;234;94m[48;2;141;234;94m█[38;2;141;234;94m[48;2;141;234;94m█[38;2;145;233;97m[48;2;142;233;94m▐[38;2;184;223;176m[48;2;143;223;102m▇[38;2;148;230;102m[48;2;144;229;100m▜[38;2;145;233;97m[48;2;144;231;98m▇[38;2;147;228;107m[48;2;141;234;94m▃[38;2;141;234;94m[48;2;144;224;99m▖[38;2;145;233;97m[48;2;142;233;94m▘[38;2;142;233;94m[48;2;142;233;94m█[38;2;142;233;94m[48;2;141;234;94m█[38;2;141;234;94m[48;2;141;234;94m█[38;2;141;234;94m[48;2;141;234;94m█[38;2;142;233;94m[48;2;141;234;94m█[38;2;145;233;97m[48;2;141;234;94m▕[0m
[0G[38;2;108;147;92m[48;2;226;231;224m┃[38;2;147;230;100m[48;2;143;230;97m▉[38;2;140;228;92m[48;2;142;233;94m▃[38;2;142;230;94m[48;2;142;235;95m▃[38;2;141;234;94m[48;2;139;232;92m▊[38;2;140;231;92m[48;2;141;232;93m▂[38;2;142;233;94m[48;2;139;230;93m━[38;2;142;230;94m[48;2;140;231;94m▙[38;2;138;229;92m[48;2;141;232;93m─[38;2;140;231;92m[48;2;142;233;94m│[38;2;141;232;93m[48;2;139;230;91m▞[38;2;142;233;94m[48;2;140;231;92m█[38;2;139;230;91m[48;2;142;233;94m▃[38;2;144;232;94m[48;2;140;231;94m▇[38;2;146;228;102m[48;2;142;216;103m▙[38;2;148;213;123m[48;2;103;153;82m▞[38;2;159;222;131m[48;2;141;229;93m▜[38;2;194;151;82m[48;2;143;85;21m▙[38;2;117;74;40m[48;2;76;38;15m▞[38;2;105;55;22m[48;2;145;222;106m▆[38;2;133;119;90m[48;2;141;226;96m▅[38;2;149;227;108m[48;2;141;228;97m▜[38;2;146;228;102m[48;2;142;229;96m▜[38;2;141;232;95m[48;2;142;233;96m▅[38;2;139;230;93m[48;2;141;234;94m▃[38;2;141;232;95m[48;2;143;234;97m▃[38;2;139;185;110m[48;2;207;205;206m┃[38;2;216;222;218m[48;2;139;135;134m▟[38;2;206;220;194m[48;2;157;223;133m█[38;2;217;217;209m[48;2;147;204;136m▂[38;2;164;221;144m[48;2;160;208;146m▜[38;2;133;200;105m[48;2;152;222;126m━[38;2;146;152;124m[48;2;221;211;184m┃[38;2;223;214;185m[48;2;215;204;172m▋[38;2;210;199;167m[48;2;151;138;104m▁[38;2;220;210;175m[48;2;200;189;157m▐[38;2;219;209;173m[48;2;213;203;167m▅[38;2;220;210;175m[48;2;201;195;183m▆[38;2;177;174;165m[48;2;127;121;87m▙[38;2;219;210;179m[48;2;142;139;130m▆[38;2;103;120;112m[48;2;171;174;157m─[38;2;170;171;153m[48;2;214;207;197m│[38;2;220;220;222m[48;2;153;231;129m▘[38;2;157;216;134m[48;2;150;223;118m▆[38;2;154;229;124m[48;2;142;199;118m▛[38;2;151;229;119m[48;2;157;220;142m▂[38;2;197;155;97m[48;2;74;57;41m▗[38;2;108;101;75m[48;2;121;69;29m▞[38;2;145;99;65m[48;2;174;205;135m▅[38;2;143;145;96m[48;2;153;216;129m▅[38;2;153;230;126m[48;2;151;228;124m▜[38;2;168;214;150m[48;2;153;230;126m▐[38;2;220;220;218m[48;2;184;183;179m▋[38;2;149;227;108m[48;2;126;176;107m▐[38;2;142;232;98m[48;2;141;232;95m▛[38;2;140;231;92m[48;2;144;231;100m▂[38;2;140;231;92m[48;2;141;232;93m▂[38;2;142;230;94m[48;2;140;231;92m▆[38;2;142;233;94m[48;2;141;232;93m▅[38;2;142;233;96m[48;2;141;232;95m▜[38;2;142;235;95m[48;2;141;232;95m▋[38;2;141;232;93m[48;2;141;232;95m─[38;2;141;229;93m[48;2;141;234;94m─[38;2;139;230;93m[48;2;142;230;94m▃[38;2;140;228;92m[48;2;142;233;94m▅[38;2;138;231;91m[48;2;141;234;94m▅[38;2;146;234;98m[48;2;141;234;94m▜[38;2;147;230;100m[48;2;146;229;99m▇[38;2;145;219;108m[48;2;105;163;78m▛[38;2;124;179;95m[48;2;157;215;130m▂[38;2;143;198;115m[48;2;141;116;96m▎[38;2;155;100;72m[48;2;82;39;22m▃[38;2;87;84;49m[48;2;156;189;120m▅[38;2;61;31;20m[48;2;143;225;97m▅[38;2;152;214;113m[48;2;140;216;108m▜[38;2;142;230;94m[48;2;142;229;98m▃[38;2;141;234;94m[48;2;143;234;95m▂[38;2;140;231;92m[48;2;142;233;94m▂[38;2;146;228;100m[48;2;140;231;92m▕[0m
[0G[38;2;111;148;94m[48;2;223;229;219m┃[38;2;143;228;101m[48;2;139;226;95m▍[38;2;140;228;92m[48;2;140;231;94m▅[38;2;140;228;92m[48;2;141;229;93m▄[38;2;140;231;94m[48;2;138;229;92m▜[38;2;140;231;94m[48;2;140;228;92m─[38;2;140;228;92m[48;2;141;229;93m▃[38;2;139;230;91m[48;2;142;230;94m━[38;2;139;230;93m[48;2;142;230;94m─[38;2;140;228;92m[48;2;140;231;94m▁[38;2;140;228;92m[48;2;140;228;92m▅[38;2;140;228;92m[48;2;140;231;94m▅[38;2;140;228;92m[48;2;140;228;92m█[38;2;139;227;91m[48;2;141;228;95m▅[38;2;144;231;98m[48;2;141;228;95m▐[38;2;140;96;69m[48;2;157;194;125m▂[38;2;211;156;56m[48;2;111;73;36m▅[38;2;209;153;70m[48;2;214;155;55m▛[38;2;210;154;79m[48;2;220;154;32m█[38;2;217;155;46m[48;2;213;152;35m▆[38;2;197;149;100m[48;2;161;106;65m▙[38;2;124;146;100m[48;2;200;152;88m┃[38;2;137;222;92m[48;2;141;219;100m▃[38;2;141;229;93m[48;2;140;228;92m▔[38;2;138;229;92m[48;2;139;230;93m─[38;2;143;226;96m[48;2;138;229;92m▐[38;2;135;181;108m[48;2;191;190;188m┃[38;2;225;228;221m[48;2;217;228;214m▊[38;2;167;201;151m[48;2;113;155;92m▛[38;2;155;211;148m[48;2;216;216;216m▃[38;2;145;220;125m[48;2;212;212;210m─[38;2;156;226;128m[48;2;152;223;117m█[38;2;160;219;137m[48;2;137;188;149m▋[38;2;206;205;174m[48;2;91;106;87m▛[38;2;212;203;174m[48;2;163;146;116m▆[38;2;213;204;165m[48;2;221;211;176m▁[38;2;218;208;181m[48;2;147;136;116m▙[38;2;116;127;97m[48;2;214;206;183m▁[38;2;149;138;110m[48;2;219;210;179m▂[38;2;203;192;174m[48;2;155;175;150m▜[38;2;122;203;204m[48;2;126;218;215m─[38;2;144;202;141m[48;2;120;219;216m─[38;2;155;227;127m[48;2;151;216;132m█[38;2;156;228;126m[48;2;150;222;122m▊[38;2;152;223;127m[48;2;148;111;84m▚[38;2;214;155;53m[48;2;91;71;47m▅[38;2;209;153;68m[48;2;188;134;62m█[38;2;216;155;49m[48;2;220;154;32m▆[38;2;206;154;68m[48;2;219;153;40m▇[38;2;200;151;85m[48;2;140;96;69m▂[38;2;139;119;66m[48;2;195;155;93m▂[38;2;154;227;122m[48;2;174;199;159m▃[38;2;212;226;209m[48;2;138;149;133m▋[38;2;148;219;113m[48;2;123;141;115m▐[38;2;143;228;98m[48;2;139;227;91m▊[38;2;141;229;93m[48;2;141;232;95m▁[38;2;142;230;94m[48;2;138;229;92m▎[38;2;141;229;93m[48;2;140;228;92m▁[38;2;140;228;92m[48;2;141;229;93m▄[38;2;140;228;92m[48;2;142;230;94m━[38;2;139;230;93m[48;2;140;231;94m▂[38;2;139;230;93m[48;2;142;233;94m▃[38;2;142;230;94m[48;2;139;230;93m▆[38;2;138;229;92m[48;2;140;228;92m─[38;2;140;231;94m[48;2;140;228;92m▆[38;2;139;230;93m[48;2;140;228;92m▇[38;2;140;228;92m[48;2;142;229;96m▂[38;2;141;229;93m[48;2;143;230;100m▅[38;2;152;210;126m[48;2;117;77;42m▌[38;2;66;91;61m[48;2;216;153;50m▀[38;2;213;154;62m[48;2;173;133;72m▛[38;2;211;154;67m[48;2;220;154;32m█[38;2;213;155;55m[48;2;220;154;32m▇[38;2;191;143;107m[48;2;148;94;32m▌[38;2;198;154;89m[48;2;67;74;40m▌[38;2;87;130;76m[48;2;147;216;110m▃[38;2;144;221;105m[48;2;141;221;98m█[38;2;140;228;92m[48;2;140;228;92m█[38;2;140;228;92m[48;2;140;228;92m▕[0m
[0G[38;2;99;143;82m[48;2;220;220;220m┃[38;2;144;224;99m[48;2;140;228;92m▎[38;2;138;225;92m[48;2;143;226;94m─[38;2;141;224;94m[48;2;142;230;94m─[38;2;140;228;92m[48;2;138;225;92m▛[38;2;139;227;91m[48;2;139;222;92m▛[38;2;137;224;91m[48;2;140;228;92m▃[38;2;139;222;90m[48;2;139;227;91m▃[38;2;138;226;90m[48;2;140;228;92m▄[38;2;140;228;92m[48;2;138;226;90m▌[38;2;138;226;90m[48;2;140;228;92m─[38;2;138;226;90m[48;2;136;223;90m▜[38;2;141;224;94m[48;2;138;226;90m▃[38;2;140;228;92m[48;2;139;221;95m▊[38;2;150;214;117m[48;2;137;222;93m▊[38;2;197;186;141m[48;2;149;119;67m▐[38;2;216;203;161m[48;2;107;95;83m▞[38;2;189;178;158m[48;2;149;101;52m▐[38;2;187;152;88m[48;2;172;137;81m▃[38;2;218;153;37m[48;2;193;143;80m─[38;2;135;79;30m[48;2;203;150;70m▂[38;2;175;143;92m[48;2;105;74;46m━[38;2;154;199;144m[48;2;141;223;95m▆[38;2;146;226;103m[48;2;136;223;93m█[38;2;139;222;90m[48;2;140;228;92m▃[38;2;142;224;96m[48;2;140;223;93m▐[38;2;115;115;115m[48;2;147;215;116m┃[38;2;208;216;205m[48;2;145;145;143m▐[38;2;163;205;142m[48;2;122;174;100m▙[38;2;151;210;128m[48;2;161;219;135m▂[38;2;97;149;77m[48;2;166;196;146m━[38;2;120;219;216m[48;2;127;191;177m▆[38;2;114;198;198m[48;2;88;158;150m▞[38;2;101;170;168m[48;2;120;198;200m─[38;2;59;89;77m[48;2;139;210;206m▀[38;2;149;201;197m[48;2;32;34;31m▅[38;2;135;209;208m[48;2;30;31;25m▂[38;2;135;215;216m[48;2;92;135;128m▆[38;2;132;216;216m[48;2;90;170;171m▆[38;2;131;217;216m[48;2;136;208;207m▜[38;2;149;206;197m[48;2;105;160;155m▐[38;2;125;217;216m[48;2;149;222;117m█[38;2;150;221;115m[48;2;153;218;128m▂[38;2;155;212;131m[48;2;85;118;73m▋[38;2;166;153;119m[48;2;137;121;69m▜[38;2;138;87;34m[48;2;209;197;175m▁[38;2;184;174;123m[48;2;168;111;40m▐[38;2;195;154;90m[48;2;219;154;34m▛[38;2;205;147;50m[48;2;211;154;67m─[38;2;148;102;66m[48;2;198;146;89m▂[38;2;194;144;83m[48;2;109;79;55m━[38;2;165;209;148m[48;2;157;208;141m▆[38;2;212;220;207m[48;2;169;169;169m▋[38;2;150;215;115m[48;2;129;174;105m▐[38;2;144;226;100m[48;2;140;223;91m▛[38;2;139;222;90m[48;2;142;225;93m▃[38;2;137;224;91m[48;2;140;228;92m▃[38;2;140;228;92m[48;2;137;223;90m▛[38;2;139;227;91m[48;2;140;228;92m▃[38;2;137;225;89m[48;2;141;229;93m▅[38;2;139;227;91m[48;2;140;228;92m▁[38;2;139;227;91m[48;2;140;227;94m▃[38;2;139;226;93m[48;2;140;228;92m▃[38;2;138;226;90m[48;2;140;227;94m▃[38;2;139;222;90m[48;2;139;227;91m▃[38;2;138;225;92m[48;2;140;228;92m▂[38;2;139;221;95m[48;2;142;229;96m▃[38;2;150;212;111m[48;2;139;226;95m▐[38;2;194;189;134m[48;2;111;94;64m▐[38;2;154;107;63m[48;2;131;84;40m▞[38;2;94;84;83m[48;2;166;167;136m┃[38;2;169;134;76m[48;2;197;151;89m▂[38;2;222;153;34m[48;2;201;151;78m─[38;2;133;91;67m[48;2;213;154;50m▂[38;2;178;138;86m[48;2;93;47;31m━[38;2;153;200;122m[48;2;139;221;97m▇[38;2;140;220;95m[48;2;139;222;90m█[38;2;138;225;92m[48;2;140;228;92m▄[38;2;139;226;93m[48;2;140;228;92m▃[0m
[0G[38;2;103;142;85m[48;2;216;221;214m┃[38;2;142;210;107m[48;2;140;220;97m▙[38;2;142;210;109m[48;2;139;222;92m▃[38;2;141;218;102m[48;2;137;222;93m▂[38;2;143;217;102m[48;2;139;222;92m▂[38;2;143;211;110m[48;2;139;221;93m▂[38;2;143;217;104m[48;2;139;222;90m▃[38;2;143;221;102m[48;2;139;221;93m▂[38;2;143;217;102m[48;2;139;221;93m▂[38;2;143;217;104m[48;2;139;222;90m▂[38;2;144;208;111m[48;2;139;222;90m▂[38;2;146;211;109m[48;2;138;220;94m▂[38;2;142;219;103m[48;2;139;222;90m▆[38;2;140;223;91m[48;2;129;211;87m▛[38;2;220;153;40m[48;2;139;221;97m─[38;2;97;98;56m[48;2;152;198;125m─[38;2;125;80;51m[48;2;185;153;96m▆[38;2;119;92;39m[48;2;175;143;82m▃[38;2;181;130;75m[48;2;194;181;128m│[38;2;198;142;45m[48;2;207;153;63m│[38;2;205;152;74m[48;2;206;150;37m█[38;2;196;146;87m[48;2;163;121;81m▌[38;2;145;210;116m[48;2;140;220;97m█[38;2;139;221;93m[48;2;139;221;95m▀[38;2;140;220;97m[48;2;139;222;90m▃[38;2;141;221;100m[48;2;139;221;93m▐[38;2;127;177;106m[48;2;148;216;117m┃[38;2;214;212;215m[48;2;144;149;142m▐[38;2;86;144;130m[48;2;128;197;195m┃[38;2;125;199;202m[48;2;95;160;154m▉[38;2;120;219;216m[48;2;94;173;170m▟[38;2;120;219;216m[48;2;128;209;210m▛[38;2;121;193;189m[48;2;120;219;216m▃[38;2;118;220;216m[48;2;119;205;206m▊[38;2;134;213;208m[48;2;86;170;170m▇[38;2;129;199;201m[48;2;148;212;134m▆[38;2;150;219;130m[48;2;147;218;116m▆[38;2;148;208;144m[48;2;148;218;119m▆[38;2;156;215;133m[48;2;111;177;165m▆[38;2;157;211;135m[48;2;152;173;154m▆[38;2;145;211;140m[48;2;147;218;114m█[38;2;143;208;116m[48;2;149;212;121m┃[38;2;195;151;78m[48;2;161;216;132m▃[38;2;214;151;35m[48;2;148;217;126m▅[38;2;158;193;151m[48;2;155;108;54m▌[38;2;135;87;41m[48;2;191;144;90m─[38;2;157;108;50m[48;2;185;130;100m▃[38;2;185;144;80m[48;2;188;187;122m▃[38;2;205;150;50m[48;2;188;135;69m▐[38;2;210;151;49m[48;2;163;117;67m▟[38;2;196;151;83m[48;2;134;101;58m▖[38;2;166;204;155m[48;2;159;213;135m▕[38;2;211;225;202m[48;2;170;172;169m▋[38;2;148;210;113m[48;2;131;173;110m▐[38;2;141;219;97m[48;2;139;222;92m▁[38;2;143;217;102m[48;2;139;221;93m▃[38;2;143;216;108m[48;2;139;222;90m▂[38;2;145;219;106m[48;2;139;222;90m▂[38;2;141;219;99m[48;2;139;222;90m▂[38;2;140;220;99m[48;2;139;222;92m▃[38;2;141;218;102m[48;2;139;222;90m▂[38;2;141;219;99m[48;2;139;222;90m▃[38;2;141;219;100m[48;2;139;222;90m▂[38;2;142;216;101m[48;2;139;222;92m▂[38;2;141;219;99m[48;2;137;222;93m▂[38;2;143;217;102m[48;2;139;222;90m▂[38;2;139;225;92m[48;2;195;148;78m▛[38;2;204;150;52m[48;2;140;219;100m─[38;2;148;206;121m[48;2;164;111;45m▊[38;2;119;76;34m[48;2;209;152;62m▆[38;2;185;137;73m[48;2;193;149;86m▂[38;2;131;108;41m[48;2;218;203;138m▃[38;2;150;96;34m[48;2;203;150;70m┃[38;2;191;137;101m[48;2;212;149;36m█[38;2;191;151;79m[48;2;122;132;97m▆[38;2;152;205;123m[48;2;140;220;97m█[38;2;139;222;90m[48;2;140;219;102m▀[38;2;147;206;112m[48;2;139;222;90m▃[38;2;147;199;116m[48;2;139;222;90m▂[0m
[0G[38;2;213;213;213m[48;2;116;94;115m▍[38;2;176;85;188m[48;2;160;99;169m▆[38;2;173;88;182m[48;2;140;167;116m▆[38;2;173;87;186m[48;2;140;167;114m▆[38;2;173;87;186m[48;2;137;166;108m▆[38;2;173;88;182m[48;2;140;167;112m▆[38;2;173;88;182m[48;2;139;166;113m▆[38;2;170;89;181m[48;2;159;99;163m▆[38;2;174;88;185m[48;2;159;100;166m▆[38;2;174;86;186m[48;2;158;99;165m▆[38;2;174;86;188m[48;2;139;166;115m▆[38;2;173;87;186m[48;2;133;160;115m▆[38;2;173;88;182m[48;2;156;102;160m▆[38;2;100;46;108m[48;2;172;88;182m▀[38;2;182;130;83m[48;2;166;91;176m━[38;2;123;74;60m[48;2;210;151;35m─[38;2;144;82;133m[48;2;199;146;68m▂[38;2;163;93;163m[48;2;207;148;44m█[38;2;100;45;51m[48;2;152;92;126m▂[38;2;209;151;43m[48;2;214;152;49m▁[38;2;155;96;144m[48;2;213;152;37m▁[38;2;170;89;182m[48;2;143;90;118m▟[38;2;173;87;184m[48;2;159;94;160m▆[38;2;173;87;186m[48;2;162;97;165m▆[38;2;174;86;188m[48;2;159;100;164m▆[38;2;171;87;181m[48;2;152;93;161m▆[38;2;88;57;88m[48;2;159;152;160m┃[38;2;213;206;214m[48;2;173;171;172m▐[38;2;176;85;190m[48;2;172;88;182m▆[38;2;174;86;188m[48;2;154;91;162m▆[38;2;176;85;190m[48;2;170;89;182m▅[38;2;176;85;190m[48;2;170;89;181m▆[38;2;174;86;188m[48;2;164;93;173m▆[38;2;174;86;188m[48;2;160;99;168m▆[38;2;174;86;188m[48;2;157;101;166m▆[38;2;176;85;190m[48;2;170;89;181m▆[38;2;174;86;188m[48;2;143;150;134m▆[38;2;173;87;188m[48;2;154;99;164m▅[38;2;173;87;188m[48;2;136;154;132m▆[38;2;174;86;188m[48;2;154;92;159m▆[38;2;174;86;186m[48;2;138;154;128m▅[38;2;173;88;182m[48;2;137;151;136m▙[38;2;169;90;179m[48;2;101;67;42m▟[38;2;179;126;60m[48;2;167;97;167m━[38;2;157;94;139m[48;2;223;154;37m─[38;2;214;153;47m[48;2;161;109;51m▛[38;2;200;149;70m[48;2;145;82;153m▙[38;2;157;95;132m[48;2;101;53;43m▌[38;2;210;148;37m[48;2;214;156;59m▁[38;2;197;142;75m[48;2;208;151;38m▉[38;2;170;89;181m[48;2;161;99;138m▆[38;2;169;90;179m[48;2;157;101;166m▖[38;2;213;213;213m[48;2;173;173;173m▋[38;2;156;104;170m[48;2;115;58;129m▐[38;2;108;92;103m[48;2;158;90;163m▄[38;2;105;63;113m[48;2;151;95;160m▄[38;2;165;92;171m[48;2;144;76;153m▉[38;2;110;94;107m[48;2;128;155;102m▄[38;2;130;71;139m[48;2;156;100;163m▃[38;2;112;95;105m[48;2;155;95;159m▄[38;2;113;53;123m[48;2;154;91;162m▄[38;2;160;101;165m[48;2;147;79;154m▛[38;2;154;100;160m[48;2;118;61;129m▛[38;2;172;88;182m[48;2;158;98;162m▆[38;2;173;87;186m[48;2;160;97;168m▆[38;2;173;88;181m[48;2;160;96;170m▆[38;2;99;90;95m[48;2;169;90;181m─[38;2;205;151;53m[48;2;170;89;181m━[38;2;125;67;115m[48;2;205;151;61m─[38;2;192;141;78m[48;2;153;86;153m▉[38;2;158;95;165m[48;2;157;96;140m▊[38;2;154;97;152m[48;2;114;64;37m▊[38;2;134;81;77m[48;2;207;153;67m▁[38;2;215;153;32m[48;2;220;153;36m▁[38;2;172;88;182m[48;2;122;62;87m▆[38;2;173;87;186m[48;2;158;97;166m▆[38;2;174;86;188m[48;2;160;99;169m▆[38;2;174;86;188m[48;2;159;99;163m▆[38;2;174;86;188m[48;2;159;99;163m▆[0m
 